/* -*- Mode: Javascript; tab-width: 4; indent-tabs-mode: nil; c-basic-offset: 4 -*- */
{
    "io":
    {
        "footpedals": "io/sawRobotIO1394-PSM1-foot-pedals.xml",
        // "port": "fw"
        "firewire-protocol": "sequential-read-write"
    }
    ,
    "arms":
    [
        {
            "name": "PSM1",
            "type": "PSM_Si",
            "serial": "697446"//,
            /*"base-frame": {
                 "reference-frame": "ECM",*/
                 
            /*"base-frame": {
                 "reference-frame": "PSM",
                 "transform" : [[-1.0000,  0.0000,  0.0000, 0.0],
                              [ 0.0000, -1.0000,  0.0000, 0.0],
                              [ 0.0000,  0.0000,  1.0000, 0.0],
                              [ 0.0000,  0.0000,  0.0000, 1.0]]}*/
                              
                              
                /*"transform": [[  1.0,  0.0,          0.0,          0.20],
                              [  0.0, -0.866025404,  0.5,          0.0 ],
                              [  0.0, -0.5,         -0.866025404,  0.0 ],
                              [  0.0,  0.0,          0.0,          1.0 ]]  */
                /*"transform": [[  1.0,  0.0,          0.0,          0.20],
                              [  0.0, -0.96592583,  -0.25881905,  0.0 ],
                              [  0.0, 0.25881905,   -0.96592583,  0.0 ],
                              [  0.0,  0.0,          0.0,          1.0 ]]  */  // '-45' deg
                /*"transform": [[  1.0,  0.0,          0.0,          0.20],
                              [  0.0, -0.70710678,  -0.70710678,          0.0 ],
                              [  0.0, 0.70710678,         -0.70710678,  0.0 ],
                              [  0.0,  0.0,          0.0,          1.0 ]]  */   // '-75' deg
               /*  "transform": [[  0.66446302 ,  0.74645193,          -0.03603338,          -0.20],
                              [  0.7471788 , -0.66450479 ,  0.01253842,          0.0 ],
                              [  -0.01458502, -0.0352547,         -0.99927193 ,  0.0 ],
                              [  0.0,  0.0,          0.0,          1.0 ]]   
            }*/
        }
        ,
        {
            "name": "MTML",
            "type": "MTM",
            "serial": "23060"//,
            /*"base-frame": {
                "reference-frame": "HRSV",
                "transform": [[ -1.0,  0.0,          0.0,          0.180],
                              [  0.0,  0.866025404,  0.5,          0.400],
                              [  0.0,  0.5,         -0.866025404,  0.475],
                              [  0.0,  0.0,          0.0,          1.0]]
            }*/
        }
    ]
    ,
    "psm-teleops":
    [
        {
            "mtm": "MTML",
            "psm": "PSM1",
            "configure-parameter": {
                "scale": 0.4  //,
               /* // "jaw-rate": 6.3 // rad per second */
                
              /*"rotation" : [[-1.0000,  0.0000,  0.0000],
                              [ 0.0000, -1.0000,  0.0000],
                              [ 0.0000,  0.0000,  1.0000]]*/
            }
        }
    ]
}
