/* -*- Mode: Javascript; tab-width: 4; indent-tabs-mode: nil; c-basic-offset: 4 -*- */
{
    "io":
    {
        "footpedals": "io/sawRobotIO1394-PSM1-foot-pedals.xml", 
        "firewire-protocol": "sequential-read-write"
    }
    ,
    "arms":
    [
        {
            "name": "PSM3",
            "type": "PSM",
            "serial": "26611",
            "base-frame": {
                "reference-frame": "ECM",
                /*"transform": [[  1.0,  0.0,          0.0,          -0.20],
                              [  0.0, -0.866025404,  0.5,          0.0 ],
                              [  0.0, -0.5,         -0.866025404,  0.0 ],
                              [  0.0,  0.0,          0.0,          1.0 ]] */
                /*"transform": [[  1.0,  0.0,          0.0,          -0.20],
                              [  0.0, -0.98480775 ,  0.17364818,          0.0 ],
                              [  0.0, -0.17364818,         -0.98480775 ,  0.0 ],
                              [  0.0,  0.0,          0.0,          1.0 ]]  */
                                          
                /*"transform": [[  0.70710678 ,  0.61237244,          -0.35355339,          -0.20],
                              [  0.66446302, -0.74645193 ,  0.03603338,          0.0 ],
                              [  -0.24184476, -0.2604026,         -0.93472006 ,  0.0 ],
                              [  0.0,  0.0,          0.0,          1.0 ]]  */
                "transform": [[  0.66446302 ,  0.74645193,          -0.03603338,          -0.20],
                              [  0.7471788 , -0.66450479 ,  0.01253842,          0.0 ],
                              [  -0.01458502, -0.0352547,         -0.99927193 ,  0.0 ],
                              [  0.0,  0.0,          0.0,          1.0 ]]    // 45, -20, -20
            }
        }
        ,
        {
            "name": "MTML",
            "type": "MTM",
            "serial": "23060",
            "base-frame": {
                "reference-frame": "HRSV",
                "transform": [[ -1.0,  0.0,          0.0,          0.180],
                              [  0.0,  0.866025404,  0.5,          0.400],
                              [  0.0,  0.5,         -0.866025404,  0.475],
                              [  0.0,  0.0,          0.0,          1.0]]
            }
        }
    ]
    ,
    "psm-teleops":
    [
        {
            "mtm": "MTML",
            "psm": "PSM3",
            "configure-parameter": {
                "scale": 0.4 // ,
                // "jaw-rate": 6.3 // rad per second
            }
        }
    ]
}
